log=/home/gustavokpc/Documents/ESTAG/paparazzi/var/logs/log_onboard/20260723-083821.csv
samples=317 duration_s=3.112313
mean_dt_s=0.009849092 frequency_hz=101.532
real_gate_crossings_s=[0.9521560000000022]
policy_replay_rpm_mae=[0.8109900060136236, 5.647265288896553, 6.590027068691675, 10.163919457313765]
policy_replay_rpm_max_abs=[47.7708158493042, 522.8010392189026, 507.58417892456055, 768.7015075683594]
one_step_nominal_rmse_pos_vel_att_rates_rpm=[0.04766409290177276, 0.07264776623249274, 0.006813666518113922, 0.16836236591894832, 0.2090734887031627, 0.08491277986023432, 0.01018328664851139, 0.006873568338408927, 0.005206383462875489, 1.7173645876074877, 1.053119803425383, 0.8010549447857435, 437.2939639272982, 116.68305686105083, 84.48498964526398, 564.5362632297968]
one_step_yaw_flipped_rmse_pos_vel_att_rates_rpm=[0.047664093346713905, 0.07264776628985808, 0.006813668452965126, 0.168362291268951, 0.20907347571474533, 0.08491274827109456, 0.010186653236202861, 0.0068768774866852615, 0.005206993999285838, 1.717376200581976, 1.0530121284344016, 0.8007311343359588, 437.2939639272982, 116.68305686105083, 84.48498964526398, 564.5362632297968]
one_step_to_gate1_nominal_rmse_pos_vel_att_rates_rpm=[0.04674268824562079, 0.07900371641653987, 0.002344641568935466, 0.10041641999607896, 0.16090648812397396, 0.027058692239241292, 0.004879549380613109, 0.001247597761231223, 0.0015920489151736888, 0.7081151986271819, 0.21781014692507927, 0.16031893753051418, 148.91955131919056, 173.85912850652235, 88.15994773606303, 179.37734836918204]
one_step_to_gate1_yaw_flipped_rmse_pos_vel_att_rates_rpm=[0.04674268800378772, 0.07900371631977389, 0.0023446418372117294, 0.10041643041474796, 0.16090651879532997, 0.027058530785293897, 0.004872559708128593, 0.0012529987886938409, 0.0015520825376928516, 0.7081309404299058, 0.21777110127858024, 0.15624565530911766, 148.91955131919056, 173.85912850652235, 88.15994773606303, 179.37734836918204]
closed_loop_nominal_rmse_pos_att_rates=[1.6122131440408098, 2.0245918146670814, 0.7706494694300395, 0.8733932197342065, 0.6377400062865451, 2.1060469567124804, 4.551272391236983, 3.1386312405160153, 3.088971418957675]
closed_loop_yaw_flipped_rmse_pos_att_rates=[1.4964299969536912, 2.0793469806854286, 0.6866454836190415, 0.8155422211447834, 0.3517049637983359, 0.5938232350050998, 4.08836113861686, 2.922469912681503, 2.7468000143056]
first_rate_error_over_1rad_s_nominal=0.03906299999999874
first_rate_error_over_1rad_s_yaw_flipped=0.03906299999999874
first_attitude_error_over_0.25rad_nominal=0.3545000000000016
first_attitude_error_over_0.25rad_yaw_flipped=0.38378899999999305
first_position_error_over_0.25m_nominal=0.5400470000000013
first_position_error_over_0.25m_yaw_flipped=0.6377030000000019
first_sustained_rate_error_over_1rad_s_nominal=0.03906299999999874
first_sustained_attitude_error_over_0.25rad_nominal=0.3545000000000016
first_sustained_position_error_over_0.25m_nominal=0.9130859999999927
at_real_gate1_nominal_error_norm_pos_att_rates=[0.35116451119712677, 1.452038315953801, 4.718204190096379]
at_real_gate1_yaw_flipped_error_norm_pos_att_rates=[0.3708961783202998, 0.7140094906382423, 1.1756820871024027]
simulated_gate_crossings_s_nominal=[0.9130859999999927, 1.5917969999999997, 2.1923910000000006, 2.809578000000002]
simulated_gate_crossings_s_yaw_flipped=[0.9326169999999934, 1.5234449999999953, 2.2021560000000022, 2.7021489999999915]
plots=/tmp/rl_sim_to_real_final/20260723-083821/rl_active/sim_to_real/20260723-083821_one_step_residuals.png,/tmp/rl_sim_to_real_final/20260723-083821/rl_active/sim_to_real/20260723-083821_closed_loop_states.png,/tmp/rl_sim_to_real_final/20260723-083821/rl_active/sim_to_real/20260723-083821_closed_loop_rpm_commands.png
