log=/home/gustavokpc/Documents/ESTAG/paparazzi/var/logs/log_onboard/20260723-081912.csv
samples=370 duration_s=3.644531
mean_dt_s=0.009876778 frequency_hz=101.248
real_gate_crossings_s=[0.8535150000000158]
policy_replay_rpm_mae=[2.5883314578919796, 2.576513142521317, 3.2366085052490234, 6.884272582788725]
policy_replay_rpm_max_abs=[180.29758739471436, 388.1634202003479, 245.47458171844482, 384.29581022262573]
one_step_nominal_rmse_pos_vel_att_rates_rpm=[0.0592233658229847, 0.06326612196694727, 0.004621968068434518, 0.12490115368169209, 0.1859007324873171, 0.03938729484646978, 0.006072704291030489, 0.002195772103131261, 0.003278475391353076, 0.9618363615062578, 0.5268702402186392, 0.1994139034133099, 229.9909691061473, 119.50533857717394, 100.81109058786386, 162.17229586405352]
one_step_yaw_flipped_rmse_pos_vel_att_rates_rpm=[0.05922336586773699, 0.06326612192840489, 0.004621968763759798, 0.12490113180341823, 0.18590080123330335, 0.039387078330669956, 0.006074041633025523, 0.0021766781693545907, 0.0032807334946506543, 0.9617823442615836, 0.5268395526453951, 0.1971455904219493, 229.9909691061473, 119.50533857717394, 100.81109058786386, 162.17229586405352]
one_step_to_gate1_nominal_rmse_pos_vel_att_rates_rpm=[0.04799634130657182, 0.06800202317615618, 0.0020532323402493997, 0.10745761120139269, 0.16054248547089775, 0.03563559801394867, 0.007047330960560352, 0.001990173444030034, 0.001465637844051974, 1.0918366072589645, 0.2795155588523776, 0.16978968142670334, 108.26977072130958, 187.4238773229647, 97.84869449807988, 189.6259738213944]
one_step_to_gate1_yaw_flipped_rmse_pos_vel_att_rates_rpm=[0.04799634139149642, 0.06800202291359021, 0.0020532328303447174, 0.10745760798836734, 0.16054249045399224, 0.035635442530730504, 0.007048397418671893, 0.001983972657727588, 0.001364802857829936, 1.0918687465959396, 0.2794375175303824, 0.1631024209210569, 108.26977072130958, 187.4238773229647, 97.84869449807988, 189.6259738213944]
closed_loop_nominal_rmse_pos_att_rates=[1.9084834792114886, 1.9488630463540173, 0.9372156613382973, 0.8198992193711027, 0.6483338410513804, 1.6906353957268068, 2.707399011459703, 2.3802053344366456, 2.157274039002277]
closed_loop_yaw_flipped_rmse_pos_att_rates=[1.746724767124265, 2.1003218950561116, 0.8207937986812476, 0.746156167064514, 0.6830853775373017, 1.2026445807472423, 2.6663365534228545, 1.6705428218268832, 1.6316392866075164]
first_rate_error_over_1rad_s_nominal=0.021483999999986736
first_rate_error_over_1rad_s_yaw_flipped=0.021483999999986736
first_attitude_error_over_0.25rad_nominal=0.30566399999997884
first_attitude_error_over_0.25rad_yaw_flipped=0.35449199999999337
first_position_error_over_0.25m_nominal=0.7363280000000145
first_position_error_over_0.25m_yaw_flipped=0.6386719999999855
first_sustained_rate_error_over_1rad_s_nominal=0.021483999999986736
first_sustained_attitude_error_over_0.25rad_nominal=0.30566399999997884
first_sustained_position_error_over_0.25m_nominal=0.7363280000000145
at_real_gate1_nominal_error_norm_pos_att_rates=[0.4137120825853737, 1.6780682222576602, 6.848418066026808]
at_real_gate1_yaw_flipped_error_norm_pos_att_rates=[0.44194758132877127, 0.5890118317117194, 3.7168999301305936]
simulated_gate_crossings_s_nominal=[0.9042969999999855, 1.56347599999998, 2.2177730000000224, 2.80471799999998, 3.39160099999998]
simulated_gate_crossings_s_yaw_flipped=[0.9238280000000145, 1.543945000000008, 2.1982419999999934, 2.7177730000000224, 3.274413999999979]
plots=/tmp/rl_sim_to_real_final/20260723-081912/rl_active/sim_to_real/20260723-081912_one_step_residuals.png,/tmp/rl_sim_to_real_final/20260723-081912/rl_active/sim_to_real/20260723-081912_closed_loop_states.png,/tmp/rl_sim_to_real_final/20260723-081912/rl_active/sim_to_real/20260723-081912_closed_loop_rpm_commands.png
